                 global    Africa      Asia    Europe  Australia  South America  North America  United States
global         1.000000  0.490718  0.518196  0.686997  -0.082925       0.293610       0.244379       0.487806
Africa         0.490718  1.000000  0.113213 -0.110031  -0.121225       0.060386       0.006969      -0.040374
Asia           0.518196  0.113213  1.000000  0.048414  -0.063813       0.050858       0.062427      -0.089739
Europe         0.686997 -0.110031  0.048414  1.000000  -0.127588      -0.042094       0.010044      -0.167865
Australia     -0.082925 -0.121225 -0.063813 -0.127588   1.000000      -0.051846      -0.064121       0.025311
South America  0.293610  0.060386  0.050858 -0.042094  -0.051846       1.000000       0.070901      -0.065352
North America  0.244379  0.006969  0.062427  0.010044  -0.064121       0.070901       1.000000      -0.060195
United States  0.487806 -0.040374 -0.089739 -0.167865   0.025311      -0.065352      -0.060195       1.000000









